# Goxel 0.8.1
v 0 0 0 0.482353 0.329412 0.501961
v 1 0 0 0.482353 0.329412 0.501961
v 1 0 1 0.482353 0.329412 0.501961
v 0 0 1 0.482353 0.329412 0.501961
v 0 1 0 0.482353 0.329412 0.501961
v 1 1 0 0.482353 0.329412 0.501961
v 0 1 1 0.482353 0.329412 0.501961
v 2 0 0 0.482353 0.329412 0.501961
v 2 0 1 0.482353 0.329412 0.501961
v 2 1 0 0.482353 0.329412 0.501961
v 3 0 0 0.482353 0.329412 0.501961
v 3 0 1 0.482353 0.329412 0.501961
v 3 1 0 0.482353 0.329412 0.501961
v 4 0 0 0.482353 0.329412 0.501961
v 4 0 1 0.482353 0.329412 0.501961
v 4 1 0 0.482353 0.329412 0.501961
v 5 0 0 0.482353 0.329412 0.501961
v 5 0 1 0.482353 0.329412 0.501961
v 5 1 0 0.482353 0.329412 0.501961
v 6 0 0 0.482353 0.329412 0.501961
v 6 0 1 0.482353 0.329412 0.501961
v 6 1 0 0.482353 0.329412 0.501961
v 7 0 0 0.482353 0.329412 0.501961
v 7 0 1 0.482353 0.329412 0.501961
v 7 1 0 0.482353 0.329412 0.501961
v 8 0 0 0.482353 0.329412 0.501961
v 8 0 1 0.482353 0.329412 0.501961
v 8 1 0 0.482353 0.329412 0.501961
v 9 0 0 0.482353 0.329412 0.501961
v 9 0 1 0.482353 0.329412 0.501961
v 9 1 0 0.482353 0.329412 0.501961
v 10 0 0 0.482353 0.329412 0.501961
v 10 0 1 0.482353 0.329412 0.501961
v 10 1 0 0.482353 0.329412 0.501961
v 11 0 0 0.482353 0.329412 0.501961
v 11 0 1 0.482353 0.329412 0.501961
v 11 1 0 0.482353 0.329412 0.501961
v 12 0 0 0.482353 0.329412 0.501961
v 12 0 1 0.482353 0.329412 0.501961
v 12 1 0 0.482353 0.329412 0.501961
v 13 0 0 0.482353 0.329412 0.501961
v 13 0 1 0.482353 0.329412 0.501961
v 13 1 0 0.482353 0.329412 0.501961
v 14 0 0 0.482353 0.329412 0.501961
v 14 0 1 0.482353 0.329412 0.501961
v 14 1 0 0.482353 0.329412 0.501961
v 15 0 0 0.482353 0.329412 0.501961
v 15 0 1 0.482353 0.329412 0.501961
v 15 1 0 0.482353 0.329412 0.501961
v 16 0 0 0.482353 0.329412 0.501961
v 16 0 1 0.482353 0.329412 0.501961
v 16 1 0 0.482353 0.329412 0.501961
v 16 1 1 0.482353 0.329412 0.501961
v 0 2 0 0.482353 0.329412 0.501961
v 1 2 0 0.482353 0.329412 0.501961
v 0 2 1 0.482353 0.329412 0.501961
v 2 2 0 0.482353 0.329412 0.501961
v 3 2 0 0.482353 0.329412 0.501961
v 4 2 0 0.482353 0.329412 0.501961
v 5 2 0 0.482353 0.329412 0.501961
v 6 2 0 0.482353 0.329412 0.501961
v 7 2 0 0.482353 0.329412 0.501961
v 8 2 0 0.482353 0.329412 0.501961
v 9 2 0 0.482353 0.329412 0.501961
v 10 2 0 0.482353 0.329412 0.501961
v 11 2 0 0.482353 0.329412 0.501961
v 12 2 0 0.482353 0.329412 0.501961
v 13 2 0 0.482353 0.329412 0.501961
v 14 2 0 0.482353 0.329412 0.501961
v 15 2 0 0.482353 0.329412 0.501961
v 16 2 0 0.482353 0.329412 0.501961
v 16 2 1 0.482353 0.329412 0.501961
v 0 3 0 0.482353 0.329412 0.501961
v 1 3 0 0.482353 0.329412 0.501961
v 0 3 1 0.482353 0.329412 0.501961
v 2 3 0 0.482353 0.329412 0.501961
v 3 3 0 0.482353 0.329412 0.501961
v 4 3 0 0.482353 0.329412 0.501961
v 5 3 0 0.482353 0.329412 0.501961
v 6 3 0 0.482353 0.329412 0.501961
v 7 3 0 0.482353 0.329412 0.501961
v 8 3 0 0.482353 0.329412 0.501961
v 9 3 0 0.482353 0.329412 0.501961
v 10 3 0 0.482353 0.329412 0.501961
v 11 3 0 0.482353 0.329412 0.501961
v 12 3 0 0.482353 0.329412 0.501961
v 13 3 0 0.482353 0.329412 0.501961
v 14 3 0 0.482353 0.329412 0.501961
v 15 3 0 0.482353 0.329412 0.501961
v 16 3 0 0.482353 0.329412 0.501961
v 16 3 1 0.482353 0.329412 0.501961
v 0 4 0 0.482353 0.329412 0.501961
v 1 4 0 0.482353 0.329412 0.501961
v 0 4 1 0.482353 0.329412 0.501961
v 2 4 0 0.482353 0.329412 0.501961
v 3 4 0 0.482353 0.329412 0.501961
v 4 4 0 0.482353 0.329412 0.501961
v 5 4 0 0.482353 0.329412 0.501961
v 6 4 0 0.482353 0.329412 0.501961
v 7 4 0 0.482353 0.329412 0.501961
v 8 4 0 0.482353 0.329412 0.501961
v 9 4 0 0.482353 0.329412 0.501961
v 10 4 0 0.482353 0.329412 0.501961
v 11 4 0 0.482353 0.329412 0.501961
v 12 4 0 0.482353 0.329412 0.501961
v 13 4 0 0.482353 0.329412 0.501961
v 14 4 0 0.482353 0.329412 0.501961
v 15 4 0 0.482353 0.329412 0.501961
v 16 4 0 0.482353 0.329412 0.501961
v 16 4 1 0.482353 0.329412 0.501961
v 0 5 0 0.482353 0.329412 0.501961
v 1 5 0 0.482353 0.329412 0.501961
v 0 5 1 0.482353 0.329412 0.501961
v 2 5 0 0.482353 0.329412 0.501961
v 3 5 0 0.482353 0.329412 0.501961
v 4 5 0 0.482353 0.329412 0.501961
v 5 5 0 0.482353 0.329412 0.501961
v 6 5 0 0.482353 0.329412 0.501961
v 7 5 0 0.482353 0.329412 0.501961
v 8 5 0 0.482353 0.329412 0.501961
v 9 5 0 0.482353 0.329412 0.501961
v 10 5 0 0.482353 0.329412 0.501961
v 11 5 0 0.482353 0.329412 0.501961
v 12 5 0 0.482353 0.329412 0.501961
v 13 5 0 0.482353 0.329412 0.501961
v 14 5 0 0.482353 0.329412 0.501961
v 15 5 0 0.482353 0.329412 0.501961
v 16 5 0 0.482353 0.329412 0.501961
v 16 5 1 0.482353 0.329412 0.501961
v 0 6 0 0.482353 0.329412 0.501961
v 1 6 0 0.482353 0.329412 0.501961
v 0 6 1 0.482353 0.329412 0.501961
v 2 6 0 0.482353 0.329412 0.501961
v 3 6 0 0.482353 0.329412 0.501961
v 4 6 0 0.482353 0.329412 0.501961
v 5 6 0 0.482353 0.329412 0.501961
v 6 6 0 0.482353 0.329412 0.501961
v 7 6 0 0.482353 0.329412 0.501961
v 8 6 0 0.482353 0.329412 0.501961
v 9 6 0 0.482353 0.329412 0.501961
v 10 6 0 0.482353 0.329412 0.501961
v 11 6 0 0.482353 0.329412 0.501961
v 12 6 0 0.482353 0.329412 0.501961
v 13 6 0 0.482353 0.329412 0.501961
v 14 6 0 0.482353 0.329412 0.501961
v 15 6 0 0.482353 0.329412 0.501961
v 16 6 0 0.482353 0.329412 0.501961
v 16 6 1 0.482353 0.329412 0.501961
v 0 7 0 0.482353 0.329412 0.501961
v 1 7 0 0.482353 0.329412 0.501961
v 0 7 1 0.482353 0.329412 0.501961
v 2 7 0 0.482353 0.329412 0.501961
v 3 7 0 0.482353 0.329412 0.501961
v 4 7 0 0.482353 0.329412 0.501961
v 5 7 0 0.482353 0.329412 0.501961
v 6 7 0 0.482353 0.329412 0.501961
v 7 7 0 0.482353 0.329412 0.501961
v 8 7 0 0.482353 0.329412 0.501961
v 9 7 0 0.482353 0.329412 0.501961
v 10 7 0 0.482353 0.329412 0.501961
v 11 7 0 0.482353 0.329412 0.501961
v 12 7 0 0.482353 0.329412 0.501961
v 13 7 0 0.482353 0.329412 0.501961
v 14 7 0 0.482353 0.329412 0.501961
v 15 7 0 0.482353 0.329412 0.501961
v 16 7 0 0.482353 0.329412 0.501961
v 16 7 1 0.482353 0.329412 0.501961
v 0 8 0 0.482353 0.329412 0.501961
v 1 8 0 0.482353 0.329412 0.501961
v 0 8 1 0.482353 0.329412 0.501961
v 2 8 0 0.482353 0.329412 0.501961
v 3 8 0 0.482353 0.329412 0.501961
v 4 8 0 0.482353 0.329412 0.501961
v 5 8 0 0.482353 0.329412 0.501961
v 6 8 0 0.482353 0.329412 0.501961
v 7 8 0 0.482353 0.329412 0.501961
v 8 8 0 0.482353 0.329412 0.501961
v 9 8 0 0.482353 0.329412 0.501961
v 10 8 0 0.482353 0.329412 0.501961
v 11 8 0 0.482353 0.329412 0.501961
v 12 8 0 0.482353 0.329412 0.501961
v 13 8 0 0.482353 0.329412 0.501961
v 14 8 0 0.482353 0.329412 0.501961
v 15 8 0 0.482353 0.329412 0.501961
v 16 8 0 0.482353 0.329412 0.501961
v 16 8 1 0.482353 0.329412 0.501961
v 0 9 0 0.482353 0.329412 0.501961
v 1 9 0 0.482353 0.329412 0.501961
v 0 9 1 0.482353 0.329412 0.501961
v 2 9 0 0.482353 0.329412 0.501961
v 3 9 0 0.482353 0.329412 0.501961
v 4 9 0 0.482353 0.329412 0.501961
v 5 9 0 0.482353 0.329412 0.501961
v 6 9 0 0.482353 0.329412 0.501961
v 7 9 0 0.482353 0.329412 0.501961
v 8 9 0 0.482353 0.329412 0.501961
v 9 9 0 0.482353 0.329412 0.501961
v 10 9 0 0.482353 0.329412 0.501961
v 11 9 0 0.482353 0.329412 0.501961
v 12 9 0 0.482353 0.329412 0.501961
v 13 9 0 0.482353 0.329412 0.501961
v 14 9 0 0.482353 0.329412 0.501961
v 15 9 0 0.482353 0.329412 0.501961
v 16 9 0 0.482353 0.329412 0.501961
v 16 9 1 0.482353 0.329412 0.501961
v 0 10 0 0.482353 0.329412 0.501961
v 1 10 0 0.482353 0.329412 0.501961
v 0 10 1 0.482353 0.329412 0.501961
v 2 10 0 0.482353 0.329412 0.501961
v 3 10 0 0.482353 0.329412 0.501961
v 4 10 0 0.482353 0.329412 0.501961
v 5 10 0 0.482353 0.329412 0.501961
v 6 10 0 0.482353 0.329412 0.501961
v 7 10 0 0.482353 0.329412 0.501961
v 8 10 0 0.482353 0.329412 0.501961
v 9 10 0 0.482353 0.329412 0.501961
v 10 10 0 0.482353 0.329412 0.501961
v 11 10 0 0.482353 0.329412 0.501961
v 12 10 0 0.482353 0.329412 0.501961
v 13 10 0 0.482353 0.329412 0.501961
v 14 10 0 0.482353 0.329412 0.501961
v 15 10 0 0.482353 0.329412 0.501961
v 16 10 0 0.482353 0.329412 0.501961
v 16 10 1 0.482353 0.329412 0.501961
v 0 11 0 0.482353 0.329412 0.501961
v 1 11 0 0.482353 0.329412 0.501961
v 0 11 1 0.482353 0.329412 0.501961
v 2 11 0 0.482353 0.329412 0.501961
v 3 11 0 0.482353 0.329412 0.501961
v 4 11 0 0.482353 0.329412 0.501961
v 5 11 0 0.482353 0.329412 0.501961
v 6 11 0 0.482353 0.329412 0.501961
v 7 11 0 0.482353 0.329412 0.501961
v 8 11 0 0.482353 0.329412 0.501961
v 9 11 0 0.482353 0.329412 0.501961
v 10 11 0 0.482353 0.329412 0.501961
v 11 11 0 0.482353 0.329412 0.501961
v 12 11 0 0.482353 0.329412 0.501961
v 13 11 0 0.482353 0.329412 0.501961
v 14 11 0 0.482353 0.329412 0.501961
v 15 11 0 0.482353 0.329412 0.501961
v 16 11 0 0.482353 0.329412 0.501961
v 16 11 1 0.482353 0.329412 0.501961
v 0 12 0 0.482353 0.329412 0.501961
v 1 12 0 0.482353 0.329412 0.501961
v 0 12 1 0.482353 0.329412 0.501961
v 2 12 0 0.482353 0.329412 0.501961
v 3 12 0 0.482353 0.329412 0.501961
v 4 12 0 0.482353 0.329412 0.501961
v 5 12 0 0.482353 0.329412 0.501961
v 6 12 0 0.482353 0.329412 0.501961
v 7 12 0 0.482353 0.329412 0.501961
v 8 12 0 0.482353 0.329412 0.501961
v 9 12 0 0.482353 0.329412 0.501961
v 10 12 0 0.482353 0.329412 0.501961
v 11 12 0 0.482353 0.329412 0.501961
v 12 12 0 0.482353 0.329412 0.501961
v 13 12 0 0.482353 0.329412 0.501961
v 14 12 0 0.482353 0.329412 0.501961
v 15 12 0 0.482353 0.329412 0.501961
v 16 12 0 0.482353 0.329412 0.501961
v 16 12 1 0.482353 0.329412 0.501961
v 0 13 0 0.482353 0.329412 0.501961
v 1 13 0 0.482353 0.329412 0.501961
v 0 13 1 0.482353 0.329412 0.501961
v 2 13 0 0.482353 0.329412 0.501961
v 3 13 0 0.482353 0.329412 0.501961
v 4 13 0 0.482353 0.329412 0.501961
v 5 13 0 0.482353 0.329412 0.501961
v 6 13 0 0.482353 0.329412 0.501961
v 7 13 0 0.482353 0.329412 0.501961
v 8 13 0 0.482353 0.329412 0.501961
v 9 13 0 0.482353 0.329412 0.501961
v 10 13 0 0.482353 0.329412 0.501961
v 11 13 0 0.482353 0.329412 0.501961
v 12 13 0 0.482353 0.329412 0.501961
v 13 13 0 0.482353 0.329412 0.501961
v 14 13 0 0.482353 0.329412 0.501961
v 15 13 0 0.482353 0.329412 0.501961
v 16 13 0 0.482353 0.329412 0.501961
v 16 13 1 0.482353 0.329412 0.501961
v 0 14 0 0.482353 0.329412 0.501961
v 1 14 0 0.482353 0.329412 0.501961
v 0 14 1 0.482353 0.329412 0.501961
v 2 14 0 0.482353 0.329412 0.501961
v 3 14 0 0.482353 0.329412 0.501961
v 4 14 0 0.482353 0.329412 0.501961
v 5 14 0 0.482353 0.329412 0.501961
v 6 14 0 0.482353 0.329412 0.501961
v 7 14 0 0.482353 0.329412 0.501961
v 8 14 0 0.482353 0.329412 0.501961
v 9 14 0 0.482353 0.329412 0.501961
v 10 14 0 0.482353 0.329412 0.501961
v 11 14 0 0.482353 0.329412 0.501961
v 12 14 0 0.482353 0.329412 0.501961
v 13 14 0 0.482353 0.329412 0.501961
v 14 14 0 0.482353 0.329412 0.501961
v 15 14 0 0.482353 0.329412 0.501961
v 16 14 0 0.482353 0.329412 0.501961
v 16 14 1 0.482353 0.329412 0.501961
v 0 15 0 0.482353 0.329412 0.501961
v 1 15 0 0.482353 0.329412 0.501961
v 0 15 1 0.482353 0.329412 0.501961
v 2 15 0 0.482353 0.329412 0.501961
v 3 15 0 0.482353 0.329412 0.501961
v 4 15 0 0.482353 0.329412 0.501961
v 5 15 0 0.482353 0.329412 0.501961
v 6 15 0 0.482353 0.329412 0.501961
v 7 15 0 0.482353 0.329412 0.501961
v 8 15 0 0.482353 0.329412 0.501961
v 9 15 0 0.482353 0.329412 0.501961
v 10 15 0 0.482353 0.329412 0.501961
v 11 15 0 0.482353 0.329412 0.501961
v 12 15 0 0.482353 0.329412 0.501961
v 13 15 0 0.482353 0.329412 0.501961
v 14 15 0 0.482353 0.329412 0.501961
v 15 15 0 0.482353 0.329412 0.501961
v 16 15 0 0.482353 0.329412 0.501961
v 16 15 1 0.482353 0.329412 0.501961
v 1 16 0 0.482353 0.329412 0.501961
v 0 16 0 0.482353 0.329412 0.501961
v 0 16 1 0.482353 0.329412 0.501961
v 1 16 1 0.482353 0.329412 0.501961
v 2 16 0 0.482353 0.329412 0.501961
v 2 16 1 0.482353 0.329412 0.501961
v 3 16 0 0.482353 0.329412 0.501961
v 3 16 1 0.482353 0.329412 0.501961
v 4 16 0 0.482353 0.329412 0.501961
v 4 16 1 0.482353 0.329412 0.501961
v 5 16 0 0.482353 0.329412 0.501961
v 5 16 1 0.482353 0.329412 0.501961
v 6 16 0 0.482353 0.329412 0.501961
v 6 16 1 0.482353 0.329412 0.501961
v 7 16 0 0.482353 0.329412 0.501961
v 7 16 1 0.482353 0.329412 0.501961
v 8 16 0 0.482353 0.329412 0.501961
v 8 16 1 0.482353 0.329412 0.501961
v 9 16 0 0.482353 0.329412 0.501961
v 9 16 1 0.482353 0.329412 0.501961
v 10 16 0 0.482353 0.329412 0.501961
v 10 16 1 0.482353 0.329412 0.501961
v 11 16 0 0.482353 0.329412 0.501961
v 11 16 1 0.482353 0.329412 0.501961
v 12 16 0 0.482353 0.329412 0.501961
v 12 16 1 0.482353 0.329412 0.501961
v 13 16 0 0.482353 0.329412 0.501961
v 13 16 1 0.482353 0.329412 0.501961
v 14 16 0 0.482353 0.329412 0.501961
v 14 16 1 0.482353 0.329412 0.501961
v 15 16 0 0.482353 0.329412 0.501961
v 15 16 1 0.482353 0.329412 0.501961
v 16 16 0 0.482353 0.329412 0.501961
v 16 16 1 0.482353 0.329412 0.501961
v 1 0 2 0.482353 0.329412 0.501961
v 0 0 2 0.482353 0.329412 0.501961
v 1 1 2 0.482353 0.329412 0.501961
v 0 1 2 0.482353 0.329412 0.501961
v 2 0 2 0.482353 0.329412 0.501961
v 2 1 2 0.482353 0.329412 0.501961
v 3 0 2 0.482353 0.329412 0.501961
v 3 1 2 0.482353 0.329412 0.501961
v 4 0 2 0.482353 0.329412 0.501961
v 4 1 2 0.482353 0.329412 0.501961
v 5 0 2 0.482353 0.329412 0.501961
v 5 1 2 0.482353 0.329412 0.501961
v 6 0 2 0.482353 0.329412 0.501961
v 6 1 2 0.482353 0.329412 0.501961
v 7 0 2 0.482353 0.329412 0.501961
v 7 1 2 0.482353 0.329412 0.501961
v 7 0 1 0.290196 0.188235 0.321569
v 8 0 1 0.290196 0.188235 0.321569
v 8 0 2 0.290196 0.188235 0.321569
v 7 0 2 0.290196 0.188235 0.321569
v 8 1 2 0.290196 0.188235 0.321569
v 7 1 2 0.290196 0.188235 0.321569
v 9 0 2 0.482353 0.329412 0.501961
v 8 0 2 0.482353 0.329412 0.501961
v 9 1 2 0.482353 0.329412 0.501961
v 8 1 2 0.482353 0.329412 0.501961
v 10 0 2 0.482353 0.329412 0.501961
v 10 1 2 0.482353 0.329412 0.501961
v 11 0 2 0.482353 0.329412 0.501961
v 11 1 2 0.482353 0.329412 0.501961
v 12 0 2 0.482353 0.329412 0.501961
v 12 1 2 0.482353 0.329412 0.501961
v 13 0 2 0.482353 0.329412 0.501961
v 13 1 2 0.482353 0.329412 0.501961
v 14 0 2 0.482353 0.329412 0.501961
v 14 1 2 0.482353 0.329412 0.501961
v 15 0 2 0.482353 0.329412 0.501961
v 15 1 2 0.482353 0.329412 0.501961
v 15 0 1 0.290196 0.188235 0.321569
v 16 0 1 0.290196 0.188235 0.321569
v 16 0 2 0.290196 0.188235 0.321569
v 15 0 2 0.290196 0.188235 0.321569
v 16 1 2 0.290196 0.188235 0.321569
v 15 1 2 0.290196 0.188235 0.321569
v 16 1 1 0.290196 0.188235 0.321569
v 0 1 1 0.650980 0.521569 0.623529
v 0 1 2 0.650980 0.521569 0.623529
v 0 2 2 0.650980 0.521569 0.623529
v 0 2 1 0.650980 0.521569 0.623529
v 8 2 2 0.482353 0.329412 0.501961
v 7 2 2 0.482353 0.329412 0.501961
v 16 1 2 0.482353 0.329412 0.501961
v 16 2 2 0.482353 0.329412 0.501961
v 15 2 2 0.482353 0.329412 0.501961
v 0 2 1 0.850980 0.741176 0.784314
v 0 2 2 0.850980 0.741176 0.784314
v 0 3 2 0.850980 0.741176 0.784314
v 0 3 1 0.850980 0.741176 0.784314
v 8 3 2 0.482353 0.329412 0.501961
v 7 3 2 0.482353 0.329412 0.501961
v 16 3 2 0.482353 0.329412 0.501961
v 15 3 2 0.482353 0.329412 0.501961
v 0 4 2 0.850980 0.741176 0.784314
v 0 4 1 0.850980 0.741176 0.784314
v 8 4 2 0.482353 0.329412 0.501961
v 7 4 2 0.482353 0.329412 0.501961
v 16 4 2 0.482353 0.329412 0.501961
v 15 4 2 0.482353 0.329412 0.501961
v 1 4 2 0.482353 0.329412 0.501961
v 1 5 2 0.482353 0.329412 0.501961
v 0 5 2 0.482353 0.329412 0.501961
v 0 4 2 0.482353 0.329412 0.501961
v 2 4 2 0.482353 0.329412 0.501961
v 2 5 2 0.482353 0.329412 0.501961
v 3 4 2 0.290196 0.188235 0.321569
v 3 5 2 0.290196 0.188235 0.321569
v 2 5 2 0.290196 0.188235 0.321569
v 2 4 2 0.290196 0.188235 0.321569
v 4 4 2 0.482353 0.329412 0.501961
v 4 5 2 0.482353 0.329412 0.501961
v 3 5 2 0.482353 0.329412 0.501961
v 3 4 2 0.482353 0.329412 0.501961
v 5 4 2 0.482353 0.329412 0.501961
v 5 5 2 0.482353 0.329412 0.501961
v 6 4 2 0.482353 0.329412 0.501961
v 6 5 2 0.482353 0.329412 0.501961
v 7 5 2 0.482353 0.329412 0.501961
v 8 5 2 0.482353 0.329412 0.501961
v 9 4 2 0.482353 0.329412 0.501961
v 9 5 2 0.482353 0.329412 0.501961
v 10 4 2 0.482353 0.329412 0.501961
v 10 5 2 0.482353 0.329412 0.501961
v 11 4 2 0.290196 0.188235 0.321569
v 11 5 2 0.290196 0.188235 0.321569
v 10 5 2 0.290196 0.188235 0.321569
v 10 4 2 0.290196 0.188235 0.321569
v 12 4 2 0.482353 0.329412 0.501961
v 12 5 2 0.482353 0.329412 0.501961
v 11 5 2 0.482353 0.329412 0.501961
v 11 4 2 0.482353 0.329412 0.501961
v 13 4 2 0.482353 0.329412 0.501961
v 13 5 2 0.482353 0.329412 0.501961
v 14 4 2 0.482353 0.329412 0.501961
v 14 5 2 0.482353 0.329412 0.501961
v 15 5 2 0.482353 0.329412 0.501961
v 16 5 2 0.482353 0.329412 0.501961
v 0 5 1 0.650980 0.521569 0.623529
v 0 5 2 0.650980 0.521569 0.623529
v 0 6 2 0.650980 0.521569 0.623529
v 0 6 1 0.650980 0.521569 0.623529
v 3 6 2 0.482353 0.329412 0.501961
v 2 6 2 0.482353 0.329412 0.501961
v 11 6 2 0.482353 0.329412 0.501961
v 10 6 2 0.482353 0.329412 0.501961
v 16 5 1 0.650980 0.521569 0.623529
v 16 6 1 0.650980 0.521569 0.623529
v 16 6 2 0.650980 0.521569 0.623529
v 16 5 2 0.650980 0.521569 0.623529
v 0 6 1 0.850980 0.741176 0.784314
v 0 6 2 0.850980 0.741176 0.784314
v 0 7 2 0.850980 0.741176 0.784314
v 0 7 1 0.850980 0.741176 0.784314
v 3 7 2 0.482353 0.329412 0.501961
v 2 7 2 0.482353 0.329412 0.501961
v 11 7 2 0.482353 0.329412 0.501961
v 10 7 2 0.482353 0.329412 0.501961
v 16 7 1 0.650980 0.521569 0.623529
v 16 7 2 0.650980 0.521569 0.623529
v 0 8 2 0.850980 0.741176 0.784314
v 0 8 1 0.850980 0.741176 0.784314
v 3 8 2 0.482353 0.329412 0.501961
v 2 8 2 0.482353 0.329412 0.501961
v 11 8 2 0.482353 0.329412 0.501961
v 10 8 2 0.482353 0.329412 0.501961
v 16 7 1 0.850980 0.741176 0.784314
v 16 8 1 0.850980 0.741176 0.784314
v 16 8 2 0.850980 0.741176 0.784314
v 16 7 2 0.850980 0.741176 0.784314
v 1 8 2 0.482353 0.329412 0.501961
v 1 9 2 0.482353 0.329412 0.501961
v 0 9 2 0.482353 0.329412 0.501961
v 0 8 2 0.482353 0.329412 0.501961
v 2 9 2 0.482353 0.329412 0.501961
v 3 9 2 0.482353 0.329412 0.501961
v 4 8 2 0.482353 0.329412 0.501961
v 4 9 2 0.482353 0.329412 0.501961
v 5 8 2 0.482353 0.329412 0.501961
v 5 9 2 0.482353 0.329412 0.501961
v 6 8 2 0.482353 0.329412 0.501961
v 6 9 2 0.482353 0.329412 0.501961
v 7 8 2 0.482353 0.329412 0.501961
v 7 9 2 0.482353 0.329412 0.501961
v 8 8 2 0.290196 0.188235 0.321569
v 8 9 2 0.290196 0.188235 0.321569
v 7 9 2 0.290196 0.188235 0.321569
v 7 8 2 0.290196 0.188235 0.321569
v 9 8 2 0.482353 0.329412 0.501961
v 9 9 2 0.482353 0.329412 0.501961
v 8 9 2 0.482353 0.329412 0.501961
v 8 8 2 0.482353 0.329412 0.501961
v 10 9 2 0.482353 0.329412 0.501961
v 11 9 2 0.482353 0.329412 0.501961
v 12 8 2 0.482353 0.329412 0.501961
v 12 9 2 0.482353 0.329412 0.501961
v 13 8 2 0.482353 0.329412 0.501961
v 13 9 2 0.482353 0.329412 0.501961
v 14 8 2 0.482353 0.329412 0.501961
v 14 9 2 0.482353 0.329412 0.501961
v 15 8 2 0.482353 0.329412 0.501961
v 15 9 2 0.482353 0.329412 0.501961
v 16 8 2 0.290196 0.188235 0.321569
v 16 9 2 0.290196 0.188235 0.321569
v 15 9 2 0.290196 0.188235 0.321569
v 15 8 2 0.290196 0.188235 0.321569
v 16 8 1 0.290196 0.188235 0.321569
v 16 9 1 0.290196 0.188235 0.321569
v 0 9 1 0.650980 0.521569 0.623529
v 0 9 2 0.650980 0.521569 0.623529
v 0 10 2 0.650980 0.521569 0.623529
v 0 10 1 0.650980 0.521569 0.623529
v 8 10 2 0.482353 0.329412 0.501961
v 7 10 2 0.482353 0.329412 0.501961
v 16 9 2 0.482353 0.329412 0.501961
v 16 10 2 0.482353 0.329412 0.501961
v 15 10 2 0.482353 0.329412 0.501961
v 0 10 1 0.850980 0.741176 0.784314
v 0 10 2 0.850980 0.741176 0.784314
v 0 11 2 0.850980 0.741176 0.784314
v 0 11 1 0.850980 0.741176 0.784314
v 8 11 2 0.482353 0.329412 0.501961
v 7 11 2 0.482353 0.329412 0.501961
v 16 11 2 0.482353 0.329412 0.501961
v 15 11 2 0.482353 0.329412 0.501961
v 0 12 2 0.850980 0.741176 0.784314
v 0 12 1 0.850980 0.741176 0.784314
v 8 12 2 0.482353 0.329412 0.501961
v 7 12 2 0.482353 0.329412 0.501961
v 16 12 2 0.482353 0.329412 0.501961
v 15 12 2 0.482353 0.329412 0.501961
v 1 12 2 0.482353 0.329412 0.501961
v 1 13 2 0.482353 0.329412 0.501961
v 0 13 2 0.482353 0.329412 0.501961
v 0 12 2 0.482353 0.329412 0.501961
v 2 12 2 0.482353 0.329412 0.501961
v 2 13 2 0.482353 0.329412 0.501961
v 3 12 2 0.482353 0.329412 0.501961
v 3 13 2 0.482353 0.329412 0.501961
v 4 12 2 0.482353 0.329412 0.501961
v 4 13 2 0.482353 0.329412 0.501961
v 5 12 2 0.290196 0.188235 0.321569
v 5 13 2 0.290196 0.188235 0.321569
v 4 13 2 0.290196 0.188235 0.321569
v 4 12 2 0.290196 0.188235 0.321569
v 6 12 2 0.482353 0.329412 0.501961
v 6 13 2 0.482353 0.329412 0.501961
v 5 13 2 0.482353 0.329412 0.501961
v 5 12 2 0.482353 0.329412 0.501961
v 7 13 2 0.482353 0.329412 0.501961
v 8 13 2 0.482353 0.329412 0.501961
v 9 12 2 0.482353 0.329412 0.501961
v 9 13 2 0.482353 0.329412 0.501961
v 10 12 2 0.482353 0.329412 0.501961
v 10 13 2 0.482353 0.329412 0.501961
v 11 12 2 0.482353 0.329412 0.501961
v 11 13 2 0.482353 0.329412 0.501961
v 12 12 2 0.482353 0.329412 0.501961
v 12 13 2 0.482353 0.329412 0.501961
v 13 12 2 0.290196 0.188235 0.321569
v 13 13 2 0.290196 0.188235 0.321569
v 12 13 2 0.290196 0.188235 0.321569
v 12 12 2 0.290196 0.188235 0.321569
v 14 12 2 0.482353 0.329412 0.501961
v 14 13 2 0.482353 0.329412 0.501961
v 13 13 2 0.482353 0.329412 0.501961
v 13 12 2 0.482353 0.329412 0.501961
v 15 13 2 0.482353 0.329412 0.501961
v 16 13 2 0.482353 0.329412 0.501961
v 0 13 1 0.650980 0.521569 0.623529
v 0 13 2 0.650980 0.521569 0.623529
v 0 14 2 0.650980 0.521569 0.623529
v 0 14 1 0.650980 0.521569 0.623529
v 5 14 2 0.482353 0.329412 0.501961
v 4 14 2 0.482353 0.329412 0.501961
v 13 14 2 0.482353 0.329412 0.501961
v 12 14 2 0.482353 0.329412 0.501961
v 16 13 1 0.650980 0.521569 0.623529
v 16 14 1 0.650980 0.521569 0.623529
v 16 14 2 0.650980 0.521569 0.623529
v 16 13 2 0.650980 0.521569 0.623529
v 0 15 2 0.650980 0.521569 0.623529
v 0 15 1 0.650980 0.521569 0.623529
v 5 15 2 0.482353 0.329412 0.501961
v 4 15 2 0.482353 0.329412 0.501961
v 13 15 2 0.482353 0.329412 0.501961
v 12 15 2 0.482353 0.329412 0.501961
v 16 15 1 0.650980 0.521569 0.623529
v 16 15 2 0.650980 0.521569 0.623529
v 1 16 1 0.850980 0.741176 0.784314
v 0 16 1 0.850980 0.741176 0.784314
v 0 16 2 0.850980 0.741176 0.784314
v 1 16 2 0.850980 0.741176 0.784314
v 0 15 1 0.850980 0.741176 0.784314
v 0 15 2 0.850980 0.741176 0.784314
v 2 16 1 0.850980 0.741176 0.784314
v 2 16 2 0.850980 0.741176 0.784314
v 3 16 1 0.850980 0.741176 0.784314
v 3 16 2 0.850980 0.741176 0.784314
v 4 16 1 0.850980 0.741176 0.784314
v 4 16 2 0.850980 0.741176 0.784314
v 4 16 2 0.482353 0.329412 0.501961
v 5 16 2 0.482353 0.329412 0.501961
v 6 16 1 0.850980 0.741176 0.784314
v 5 16 1 0.850980 0.741176 0.784314
v 5 16 2 0.850980 0.741176 0.784314
v 6 16 2 0.850980 0.741176 0.784314
v 7 16 1 0.850980 0.741176 0.784314
v 7 16 2 0.850980 0.741176 0.784314
v 8 16 1 0.850980 0.741176 0.784314
v 8 16 2 0.850980 0.741176 0.784314
v 9 16 1 0.850980 0.741176 0.784314
v 9 16 2 0.850980 0.741176 0.784314
v 10 16 1 0.850980 0.741176 0.784314
v 10 16 2 0.850980 0.741176 0.784314
v 11 16 1 0.850980 0.741176 0.784314
v 11 16 2 0.850980 0.741176 0.784314
v 12 16 1 0.850980 0.741176 0.784314
v 12 16 2 0.850980 0.741176 0.784314
v 12 16 2 0.482353 0.329412 0.501961
v 13 16 2 0.482353 0.329412 0.501961
v 14 16 1 0.850980 0.741176 0.784314
v 13 16 1 0.850980 0.741176 0.784314
v 13 16 2 0.850980 0.741176 0.784314
v 14 16 2 0.850980 0.741176 0.784314
v 15 16 1 0.850980 0.741176 0.784314
v 15 16 2 0.850980 0.741176 0.784314
v 16 16 1 0.850980 0.741176 0.784314
v 16 16 2 0.850980 0.741176 0.784314
v 16 15 1 0.850980 0.741176 0.784314
v 16 15 2 0.850980 0.741176 0.784314
v 1 1 2 0.650980 0.521569 0.623529
v 1 1 3 0.650980 0.521569 0.623529
v 0 1 3 0.650980 0.521569 0.623529
v 1 2 3 0.650980 0.521569 0.623529
v 0 2 3 0.650980 0.521569 0.623529
v 2 1 2 0.650980 0.521569 0.623529
v 2 1 3 0.650980 0.521569 0.623529
v 2 2 3 0.650980 0.521569 0.623529
v 3 1 2 0.650980 0.521569 0.623529
v 3 1 3 0.650980 0.521569 0.623529
v 3 2 3 0.650980 0.521569 0.623529
v 4 1 2 0.650980 0.521569 0.623529
v 4 1 3 0.650980 0.521569 0.623529
v 4 2 3 0.650980 0.521569 0.623529
v 5 1 2 0.650980 0.521569 0.623529
v 5 1 3 0.650980 0.521569 0.623529
v 5 2 3 0.650980 0.521569 0.623529
v 6 1 2 0.650980 0.521569 0.623529
v 6 1 3 0.650980 0.521569 0.623529
v 6 2 3 0.650980 0.521569 0.623529
v 7 1 2 0.650980 0.521569 0.623529
v 7 1 3 0.650980 0.521569 0.623529
v 7 2 3 0.650980 0.521569 0.623529
v 7 2 2 0.650980 0.521569 0.623529
v 8 1 2 0.650980 0.521569 0.623529
v 9 1 2 0.650980 0.521569 0.623529
v 9 1 3 0.650980 0.521569 0.623529
v 8 1 3 0.650980 0.521569 0.623529
v 9 2 3 0.650980 0.521569 0.623529
v 8 2 3 0.650980 0.521569 0.623529
v 8 2 2 0.650980 0.521569 0.623529
v 10 1 2 0.650980 0.521569 0.623529
v 10 1 3 0.650980 0.521569 0.623529
v 10 2 3 0.650980 0.521569 0.623529
v 11 1 2 0.650980 0.521569 0.623529
v 11 1 3 0.650980 0.521569 0.623529
v 11 2 3 0.650980 0.521569 0.623529
v 12 1 2 0.650980 0.521569 0.623529
v 12 1 3 0.650980 0.521569 0.623529
v 12 2 3 0.650980 0.521569 0.623529
v 13 1 2 0.650980 0.521569 0.623529
v 13 1 3 0.650980 0.521569 0.623529
v 13 2 3 0.650980 0.521569 0.623529
v 14 1 2 0.650980 0.521569 0.623529
v 14 1 3 0.650980 0.521569 0.623529
v 14 2 3 0.650980 0.521569 0.623529
v 15 1 2 0.650980 0.521569 0.623529
v 15 1 3 0.650980 0.521569 0.623529
v 15 2 3 0.650980 0.521569 0.623529
v 15 2 2 0.650980 0.521569 0.623529
v 1 2 3 0.850980 0.741176 0.784314
v 1 3 3 0.850980 0.741176 0.784314
v 0 3 3 0.850980 0.741176 0.784314
v 0 2 3 0.850980 0.741176 0.784314
v 2 3 3 0.650980 0.521569 0.623529
v 1 3 3 0.650980 0.521569 0.623529
v 3 3 3 0.650980 0.521569 0.623529
v 4 3 3 0.650980 0.521569 0.623529
v 5 3 3 0.650980 0.521569 0.623529
v 6 3 3 0.650980 0.521569 0.623529
v 7 3 3 0.650980 0.521569 0.623529
v 7 3 2 0.650980 0.521569 0.623529
v 9 2 3 0.850980 0.741176 0.784314
v 9 3 3 0.850980 0.741176 0.784314
v 8 3 3 0.850980 0.741176 0.784314
v 8 2 3 0.850980 0.741176 0.784314
v 8 2 2 0.850980 0.741176 0.784314
v 8 3 2 0.850980 0.741176 0.784314
v 10 3 3 0.650980 0.521569 0.623529
v 9 3 3 0.650980 0.521569 0.623529
v 11 3 3 0.650980 0.521569 0.623529
v 12 3 3 0.650980 0.521569 0.623529
v 13 3 3 0.650980 0.521569 0.623529
v 14 3 3 0.650980 0.521569 0.623529
v 15 3 3 0.650980 0.521569 0.623529
v 15 3 2 0.650980 0.521569 0.623529
v 1 4 2 0.850980 0.741176 0.784314
v 0 4 3 0.850980 0.741176 0.784314
v 1 4 3 0.850980 0.741176 0.784314
v 2 4 2 0.850980 0.741176 0.784314
v 2 4 3 0.850980 0.741176 0.784314
v 2 3 3 0.850980 0.741176 0.784314
v 3 4 2 0.850980 0.741176 0.784314
v 3 4 3 0.850980 0.741176 0.784314
v 3 3 3 0.850980 0.741176 0.784314
v 4 4 2 0.850980 0.741176 0.784314
v 4 4 3 0.850980 0.741176 0.784314
v 4 3 3 0.850980 0.741176 0.784314
v 5 4 2 0.850980 0.741176 0.784314
v 5 4 3 0.850980 0.741176 0.784314
v 5 3 3 0.850980 0.741176 0.784314
v 6 4 2 0.850980 0.741176 0.784314
v 6 4 3 0.850980 0.741176 0.784314
v 6 3 3 0.850980 0.741176 0.784314
v 7 4 2 0.850980 0.741176 0.784314
v 7 4 3 0.850980 0.741176 0.784314
v 7 3 3 0.850980 0.741176 0.784314
v 7 3 2 0.850980 0.741176 0.784314
v 9 4 2 0.850980 0.741176 0.784314
v 8 4 2 0.850980 0.741176 0.784314
v 8 4 3 0.850980 0.741176 0.784314
v 9 4 3 0.850980 0.741176 0.784314
v 10 4 2 0.850980 0.741176 0.784314
v 10 4 3 0.850980 0.741176 0.784314
v 10 3 3 0.850980 0.741176 0.784314
v 11 4 2 0.850980 0.741176 0.784314
v 11 4 3 0.850980 0.741176 0.784314
v 11 3 3 0.850980 0.741176 0.784314
v 12 4 2 0.850980 0.741176 0.784314
v 12 4 3 0.850980 0.741176 0.784314
v 12 3 3 0.850980 0.741176 0.784314
v 13 4 2 0.850980 0.741176 0.784314
v 13 4 3 0.850980 0.741176 0.784314
v 13 3 3 0.850980 0.741176 0.784314
v 14 4 2 0.850980 0.741176 0.784314
v 14 4 3 0.850980 0.741176 0.784314
v 14 3 3 0.850980 0.741176 0.784314
v 15 4 2 0.850980 0.741176 0.784314
v 15 4 3 0.850980 0.741176 0.784314
v 15 3 3 0.850980 0.741176 0.784314
v 15 3 2 0.850980 0.741176 0.784314
v 1 5 2 0.650980 0.521569 0.623529
v 1 5 3 0.650980 0.521569 0.623529
v 0 5 3 0.650980 0.521569 0.623529
v 1 6 3 0.650980 0.521569 0.623529
v 0 6 3 0.650980 0.521569 0.623529
v 2 5 2 0.650980 0.521569 0.623529
v 2 5 3 0.650980 0.521569 0.623529
v 2 6 3 0.650980 0.521569 0.623529
v 2 6 2 0.650980 0.521569 0.623529
v 3 5 2 0.650980 0.521569 0.623529
v 4 5 2 0.650980 0.521569 0.623529
v 4 5 3 0.650980 0.521569 0.623529
v 3 5 3 0.650980 0.521569 0.623529
v 4 6 3 0.650980 0.521569 0.623529
v 3 6 3 0.650980 0.521569 0.623529
v 3 6 2 0.650980 0.521569 0.623529
v 5 5 2 0.650980 0.521569 0.623529
v 5 5 3 0.650980 0.521569 0.623529
v 5 6 3 0.650980 0.521569 0.623529
v 6 5 2 0.650980 0.521569 0.623529
v 6 5 3 0.650980 0.521569 0.623529
v 6 6 3 0.650980 0.521569 0.623529
v 7 5 2 0.650980 0.521569 0.623529
v 7 5 3 0.650980 0.521569 0.623529
v 7 6 3 0.650980 0.521569 0.623529
v 8 5 2 0.650980 0.521569 0.623529
v 8 5 3 0.650980 0.521569 0.623529
v 8 6 3 0.650980 0.521569 0.623529
v 9 5 2 0.650980 0.521569 0.623529
v 9 5 3 0.650980 0.521569 0.623529
v 9 6 3 0.650980 0.521569 0.623529
v 10 5 2 0.650980 0.521569 0.623529
v 10 5 3 0.650980 0.521569 0.623529
v 10 6 3 0.650980 0.521569 0.623529
v 10 6 2 0.650980 0.521569 0.623529
v 11 5 2 0.650980 0.521569 0.623529
v 12 5 2 0.650980 0.521569 0.623529
v 12 5 3 0.650980 0.521569 0.623529
v 11 5 3 0.650980 0.521569 0.623529
v 12 6 3 0.650980 0.521569 0.623529
v 11 6 3 0.650980 0.521569 0.623529
v 11 6 2 0.650980 0.521569 0.623529
v 13 5 2 0.650980 0.521569 0.623529
v 13 5 3 0.650980 0.521569 0.623529
v 13 6 3 0.650980 0.521569 0.623529
v 14 5 2 0.650980 0.521569 0.623529
v 14 5 3 0.650980 0.521569 0.623529
v 14 6 3 0.650980 0.521569 0.623529
v 15 5 2 0.650980 0.521569 0.623529
v 15 5 3 0.650980 0.521569 0.623529
v 15 6 3 0.650980 0.521569 0.623529
v 16 5 3 0.650980 0.521569 0.623529
v 16 6 3 0.650980 0.521569 0.623529
v 1 6 3 0.850980 0.741176 0.784314
v 1 7 3 0.850980 0.741176 0.784314
v 0 7 3 0.850980 0.741176 0.784314
v 0 6 3 0.850980 0.741176 0.784314
v 2 7 3 0.650980 0.521569 0.623529
v 1 7 3 0.650980 0.521569 0.623529
v 2 7 2 0.650980 0.521569 0.623529
v 4 6 3 0.850980 0.741176 0.784314
v 4 7 3 0.850980 0.741176 0.784314
v 3 7 3 0.850980 0.741176 0.784314
v 3 6 3 0.850980 0.741176 0.784314
v 3 6 2 0.850980 0.741176 0.784314
v 3 7 2 0.850980 0.741176 0.784314
v 5 7 3 0.650980 0.521569 0.623529
v 4 7 3 0.650980 0.521569 0.623529
v 6 7 3 0.650980 0.521569 0.623529
v 7 7 3 0.650980 0.521569 0.623529
v 8 7 3 0.650980 0.521569 0.623529
v 9 7 3 0.650980 0.521569 0.623529
v 10 7 3 0.650980 0.521569 0.623529
v 10 7 2 0.650980 0.521569 0.623529
v 12 6 3 0.850980 0.741176 0.784314
v 12 7 3 0.850980 0.741176 0.784314
v 11 7 3 0.850980 0.741176 0.784314
v 11 6 3 0.850980 0.741176 0.784314
v 11 6 2 0.850980 0.741176 0.784314
v 11 7 2 0.850980 0.741176 0.784314
v 13 7 3 0.650980 0.521569 0.623529
v 12 7 3 0.650980 0.521569 0.623529
v 14 7 3 0.650980 0.521569 0.623529
v 15 7 3 0.650980 0.521569 0.623529
v 16 7 3 0.650980 0.521569 0.623529
v 1 8 2 0.850980 0.741176 0.784314
v 0 8 3 0.850980 0.741176 0.784314
v 1 8 3 0.850980 0.741176 0.784314
v 2 8 2 0.850980 0.741176 0.784314
v 2 8 3 0.850980 0.741176 0.784314
v 2 7 3 0.850980 0.741176 0.784314
v 2 7 2 0.850980 0.741176 0.784314
v 4 8 2 0.850980 0.741176 0.784314
v 3 8 2 0.850980 0.741176 0.784314
v 3 8 3 0.850980 0.741176 0.784314
v 4 8 3 0.850980 0.741176 0.784314
v 5 8 2 0.850980 0.741176 0.784314
v 5 8 3 0.850980 0.741176 0.784314
v 5 7 3 0.850980 0.741176 0.784314
v 6 8 2 0.850980 0.741176 0.784314
v 6 8 3 0.850980 0.741176 0.784314
v 6 7 3 0.850980 0.741176 0.784314
v 7 8 2 0.850980 0.741176 0.784314
v 7 8 3 0.850980 0.741176 0.784314
v 7 7 3 0.850980 0.741176 0.784314
v 8 8 2 0.850980 0.741176 0.784314
v 8 8 3 0.850980 0.741176 0.784314
v 8 7 3 0.850980 0.741176 0.784314
v 9 8 2 0.850980 0.741176 0.784314
v 9 8 3 0.850980 0.741176 0.784314
v 9 7 3 0.850980 0.741176 0.784314
v 10 8 2 0.850980 0.741176 0.784314
v 10 8 3 0.850980 0.741176 0.784314
v 10 7 3 0.850980 0.741176 0.784314
v 10 7 2 0.850980 0.741176 0.784314
v 12 8 2 0.850980 0.741176 0.784314
v 11 8 2 0.850980 0.741176 0.784314
v 11 8 3 0.850980 0.741176 0.784314
v 12 8 3 0.850980 0.741176 0.784314
v 13 8 2 0.850980 0.741176 0.784314
v 13 8 3 0.850980 0.741176 0.784314
v 13 7 3 0.850980 0.741176 0.784314
v 14 8 2 0.850980 0.741176 0.784314
v 14 8 3 0.850980 0.741176 0.784314
v 14 7 3 0.850980 0.741176 0.784314
v 15 8 2 0.850980 0.741176 0.784314
v 15 8 3 0.850980 0.741176 0.784314
v 15 7 3 0.850980 0.741176 0.784314
v 16 8 3 0.850980 0.741176 0.784314
v 16 7 3 0.850980 0.741176 0.784314
v 1 9 2 0.650980 0.521569 0.623529
v 1 9 3 0.650980 0.521569 0.623529
v 0 9 3 0.650980 0.521569 0.623529
v 1 10 3 0.650980 0.521569 0.623529
v 0 10 3 0.650980 0.521569 0.623529
v 2 9 2 0.650980 0.521569 0.623529
v 2 9 3 0.650980 0.521569 0.623529
v 2 10 3 0.650980 0.521569 0.623529
v 3 9 2 0.650980 0.521569 0.623529
v 3 9 3 0.650980 0.521569 0.623529
v 3 10 3 0.650980 0.521569 0.623529
v 4 9 2 0.650980 0.521569 0.623529
v 4 9 3 0.650980 0.521569 0.623529
v 4 10 3 0.650980 0.521569 0.623529
v 5 9 2 0.650980 0.521569 0.623529
v 5 9 3 0.650980 0.521569 0.623529
v 5 10 3 0.650980 0.521569 0.623529
v 6 9 2 0.650980 0.521569 0.623529
v 6 9 3 0.650980 0.521569 0.623529
v 6 10 3 0.650980 0.521569 0.623529
v 7 9 2 0.650980 0.521569 0.623529
v 7 9 3 0.650980 0.521569 0.623529
v 7 10 3 0.650980 0.521569 0.623529
v 7 10 2 0.650980 0.521569 0.623529
v 8 9 2 0.650980 0.521569 0.623529
v 9 9 2 0.650980 0.521569 0.623529
v 9 9 3 0.650980 0.521569 0.623529
v 8 9 3 0.650980 0.521569 0.623529
v 9 10 3 0.650980 0.521569 0.623529
v 8 10 3 0.650980 0.521569 0.623529
v 8 10 2 0.650980 0.521569 0.623529
v 10 9 2 0.650980 0.521569 0.623529
v 10 9 3 0.650980 0.521569 0.623529
v 10 10 3 0.650980 0.521569 0.623529
v 11 9 2 0.650980 0.521569 0.623529
v 11 9 3 0.650980 0.521569 0.623529
v 11 10 3 0.650980 0.521569 0.623529
v 12 9 2 0.650980 0.521569 0.623529
v 12 9 3 0.650980 0.521569 0.623529
v 12 10 3 0.650980 0.521569 0.623529
v 13 9 2 0.650980 0.521569 0.623529
v 13 9 3 0.650980 0.521569 0.623529
v 13 10 3 0.650980 0.521569 0.623529
v 14 9 2 0.650980 0.521569 0.623529
v 14 9 3 0.650980 0.521569 0.623529
v 14 10 3 0.650980 0.521569 0.623529
v 15 9 2 0.650980 0.521569 0.623529
v 15 9 3 0.650980 0.521569 0.623529
v 15 10 3 0.650980 0.521569 0.623529
v 15 10 2 0.650980 0.521569 0.623529
v 1 10 3 0.850980 0.741176 0.784314
v 1 11 3 0.850980 0.741176 0.784314
v 0 11 3 0.850980 0.741176 0.784314
v 0 10 3 0.850980 0.741176 0.784314
v 2 11 3 0.650980 0.521569 0.623529
v 1 11 3 0.650980 0.521569 0.623529
v 3 11 3 0.650980 0.521569 0.623529
v 4 11 3 0.650980 0.521569 0.623529
v 5 11 3 0.650980 0.521569 0.623529
v 6 11 3 0.650980 0.521569 0.623529
v 7 11 3 0.650980 0.521569 0.623529
v 7 11 2 0.650980 0.521569 0.623529
v 9 10 3 0.850980 0.741176 0.784314
v 9 11 3 0.850980 0.741176 0.784314
v 8 11 3 0.850980 0.741176 0.784314
v 8 10 3 0.850980 0.741176 0.784314
v 8 10 2 0.850980 0.741176 0.784314
v 8 11 2 0.850980 0.741176 0.784314
v 10 11 3 0.650980 0.521569 0.623529
v 9 11 3 0.650980 0.521569 0.623529
v 11 11 3 0.650980 0.521569 0.623529
v 12 11 3 0.650980 0.521569 0.623529
v 13 11 3 0.650980 0.521569 0.623529
v 14 11 3 0.650980 0.521569 0.623529
v 15 11 3 0.650980 0.521569 0.623529
v 15 11 2 0.650980 0.521569 0.623529
v 1 12 2 0.850980 0.741176 0.784314
v 0 12 3 0.850980 0.741176 0.784314
v 1 12 3 0.850980 0.741176 0.784314
v 2 12 2 0.850980 0.741176 0.784314
v 2 12 3 0.850980 0.741176 0.784314
v 2 11 3 0.850980 0.741176 0.784314
v 3 12 2 0.850980 0.741176 0.784314
v 3 12 3 0.850980 0.741176 0.784314
v 3 11 3 0.850980 0.741176 0.784314
v 4 12 2 0.850980 0.741176 0.784314
v 4 12 3 0.850980 0.741176 0.784314
v 4 11 3 0.850980 0.741176 0.784314
v 5 12 2 0.850980 0.741176 0.784314
v 5 12 3 0.850980 0.741176 0.784314
v 5 11 3 0.850980 0.741176 0.784314
v 6 12 2 0.850980 0.741176 0.784314
v 6 12 3 0.850980 0.741176 0.784314
v 6 11 3 0.850980 0.741176 0.784314
v 7 12 2 0.850980 0.741176 0.784314
v 7 12 3 0.850980 0.741176 0.784314
v 7 11 3 0.850980 0.741176 0.784314
v 7 11 2 0.850980 0.741176 0.784314
v 9 12 2 0.850980 0.741176 0.784314
v 8 12 2 0.850980 0.741176 0.784314
v 8 12 3 0.850980 0.741176 0.784314
v 9 12 3 0.850980 0.741176 0.784314
v 10 12 2 0.850980 0.741176 0.784314
v 10 12 3 0.850980 0.741176 0.784314
v 10 11 3 0.850980 0.741176 0.784314
v 11 12 2 0.850980 0.741176 0.784314
v 11 12 3 0.850980 0.741176 0.784314
v 11 11 3 0.850980 0.741176 0.784314
v 12 12 2 0.850980 0.741176 0.784314
v 12 12 3 0.850980 0.741176 0.784314
v 12 11 3 0.850980 0.741176 0.784314
v 13 12 2 0.850980 0.741176 0.784314
v 13 12 3 0.850980 0.741176 0.784314
v 13 11 3 0.850980 0.741176 0.784314
v 14 12 2 0.850980 0.741176 0.784314
v 14 12 3 0.850980 0.741176 0.784314
v 14 11 3 0.850980 0.741176 0.784314
v 15 12 2 0.850980 0.741176 0.784314
v 15 12 3 0.850980 0.741176 0.784314
v 15 11 3 0.850980 0.741176 0.784314
v 15 11 2 0.850980 0.741176 0.784314
v 1 13 2 0.650980 0.521569 0.623529
v 1 13 3 0.650980 0.521569 0.623529
v 0 13 3 0.650980 0.521569 0.623529
v 1 14 3 0.650980 0.521569 0.623529
v 0 14 3 0.650980 0.521569 0.623529
v 2 13 2 0.650980 0.521569 0.623529
v 2 13 3 0.650980 0.521569 0.623529
v 2 14 3 0.650980 0.521569 0.623529
v 3 13 2 0.650980 0.521569 0.623529
v 3 13 3 0.650980 0.521569 0.623529
v 3 14 3 0.650980 0.521569 0.623529
v 4 13 2 0.650980 0.521569 0.623529
v 4 13 3 0.650980 0.521569 0.623529
v 4 14 3 0.650980 0.521569 0.623529
v 4 14 2 0.650980 0.521569 0.623529
v 5 13 2 0.650980 0.521569 0.623529
v 6 13 2 0.650980 0.521569 0.623529
v 6 13 3 0.650980 0.521569 0.623529
v 5 13 3 0.650980 0.521569 0.623529
v 6 14 3 0.650980 0.521569 0.623529
v 5 14 3 0.650980 0.521569 0.623529
v 5 14 2 0.650980 0.521569 0.623529
v 7 13 2 0.650980 0.521569 0.623529
v 7 13 3 0.650980 0.521569 0.623529
v 7 14 3 0.650980 0.521569 0.623529
v 8 13 2 0.650980 0.521569 0.623529
v 8 13 3 0.650980 0.521569 0.623529
v 8 14 3 0.650980 0.521569 0.623529
v 9 13 2 0.650980 0.521569 0.623529
v 9 13 3 0.650980 0.521569 0.623529
v 9 14 3 0.650980 0.521569 0.623529
v 10 13 2 0.650980 0.521569 0.623529
v 10 13 3 0.650980 0.521569 0.623529
v 10 14 3 0.650980 0.521569 0.623529
v 11 13 2 0.650980 0.521569 0.623529
v 11 13 3 0.650980 0.521569 0.623529
v 11 14 3 0.650980 0.521569 0.623529
v 12 13 2 0.650980 0.521569 0.623529
v 12 13 3 0.650980 0.521569 0.623529
v 12 14 3 0.650980 0.521569 0.623529
v 12 14 2 0.650980 0.521569 0.623529
v 13 13 2 0.650980 0.521569 0.623529
v 14 13 2 0.650980 0.521569 0.623529
v 14 13 3 0.650980 0.521569 0.623529
v 13 13 3 0.650980 0.521569 0.623529
v 14 14 3 0.650980 0.521569 0.623529
v 13 14 3 0.650980 0.521569 0.623529
v 13 14 2 0.650980 0.521569 0.623529
v 15 13 2 0.650980 0.521569 0.623529
v 15 13 3 0.650980 0.521569 0.623529
v 15 14 3 0.650980 0.521569 0.623529
v 16 13 3 0.650980 0.521569 0.623529
v 16 14 3 0.650980 0.521569 0.623529
v 1 15 3 0.650980 0.521569 0.623529
v 0 15 3 0.650980 0.521569 0.623529
v 2 15 3 0.650980 0.521569 0.623529
v 3 15 3 0.650980 0.521569 0.623529
v 4 15 3 0.650980 0.521569 0.623529
v 4 15 2 0.650980 0.521569 0.623529
v 6 14 3 0.850980 0.741176 0.784314
v 6 15 3 0.850980 0.741176 0.784314
v 5 15 3 0.850980 0.741176 0.784314
v 5 14 3 0.850980 0.741176 0.784314
v 5 14 2 0.850980 0.741176 0.784314
v 5 15 2 0.850980 0.741176 0.784314
v 7 15 3 0.650980 0.521569 0.623529
v 6 15 3 0.650980 0.521569 0.623529
v 8 15 3 0.650980 0.521569 0.623529
v 9 15 3 0.650980 0.521569 0.623529
v 10 15 3 0.650980 0.521569 0.623529
v 11 15 3 0.650980 0.521569 0.623529
v 12 15 3 0.650980 0.521569 0.623529
v 12 15 2 0.650980 0.521569 0.623529
v 14 14 3 0.850980 0.741176 0.784314
v 14 15 3 0.850980 0.741176 0.784314
v 13 15 3 0.850980 0.741176 0.784314
v 13 14 3 0.850980 0.741176 0.784314
v 13 14 2 0.850980 0.741176 0.784314
v 13 15 2 0.850980 0.741176 0.784314
v 15 15 3 0.650980 0.521569 0.623529
v 14 15 3 0.650980 0.521569 0.623529
v 16 15 3 0.650980 0.521569 0.623529
v 0 16 3 0.850980 0.741176 0.784314
v 1 16 3 0.850980 0.741176 0.784314
v 1 15 3 0.850980 0.741176 0.784314
v 0 15 3 0.850980 0.741176 0.784314
v 2 16 3 0.850980 0.741176 0.784314
v 2 15 3 0.850980 0.741176 0.784314
v 3 16 3 0.850980 0.741176 0.784314
v 3 15 3 0.850980 0.741176 0.784314
v 4 16 3 0.850980 0.741176 0.784314
v 4 15 3 0.850980 0.741176 0.784314
v 4 15 2 0.850980 0.741176 0.784314
v 5 16 3 0.850980 0.741176 0.784314
v 6 16 3 0.850980 0.741176 0.784314
v 7 16 3 0.850980 0.741176 0.784314
v 7 15 3 0.850980 0.741176 0.784314
v 8 16 3 0.850980 0.741176 0.784314
v 8 15 3 0.850980 0.741176 0.784314
v 9 16 3 0.850980 0.741176 0.784314
v 9 15 3 0.850980 0.741176 0.784314
v 10 16 3 0.850980 0.741176 0.784314
v 10 15 3 0.850980 0.741176 0.784314
v 11 16 3 0.850980 0.741176 0.784314
v 11 15 3 0.850980 0.741176 0.784314
v 12 16 3 0.850980 0.741176 0.784314
v 12 15 3 0.850980 0.741176 0.784314
v 12 15 2 0.850980 0.741176 0.784314
v 13 16 3 0.850980 0.741176 0.784314
v 14 16 3 0.850980 0.741176 0.784314
v 15 16 3 0.850980 0.741176 0.784314
v 15 15 3 0.850980 0.741176 0.784314
v 16 16 3 0.850980 0.741176 0.784314
v 16 15 3 0.850980 0.741176 0.784314
vn 0 -1 0
vn 0 0 -1
vn -1 0 0
vn 1 0 0
vn 0 1 0
vn 0 0 1
f 1//1 2//1 3//1 4//1
f 1//2 5//2 6//2 2//2
f 1//3 4//3 7//3 5//3
f 2//1 8//1 9//1 3//1
f 2//2 6//2 10//2 8//2
f 8//1 11//1 12//1 9//1
f 8//2 10//2 13//2 11//2
f 11//1 14//1 15//1 12//1
f 11//2 13//2 16//2 14//2
f 14//1 17//1 18//1 15//1
f 14//2 16//2 19//2 17//2
f 17//1 20//1 21//1 18//1
f 17//2 19//2 22//2 20//2
f 20//1 23//1 24//1 21//1
f 20//2 22//2 25//2 23//2
f 23//1 26//1 27//1 24//1
f 23//2 25//2 28//2 26//2
f 26//1 29//1 30//1 27//1
f 26//2 28//2 31//2 29//2
f 29//1 32//1 33//1 30//1
f 29//2 31//2 34//2 32//2
f 32//1 35//1 36//1 33//1
f 32//2 34//2 37//2 35//2
f 35//1 38//1 39//1 36//1
f 35//2 37//2 40//2 38//2
f 38//1 41//1 42//1 39//1
f 38//2 40//2 43//2 41//2
f 41//1 44//1 45//1 42//1
f 41//2 43//2 46//2 44//2
f 44//1 47//1 48//1 45//1
f 44//2 46//2 49//2 47//2
f 47//1 50//1 51//1 48//1
f 47//2 49//2 52//2 50//2
f 50//4 52//4 53//4 51//4
f 5//2 54//2 55//2 6//2
f 5//3 7//3 56//3 54//3
f 6//2 55//2 57//2 10//2
f 10//2 57//2 58//2 13//2
f 13//2 58//2 59//2 16//2
f 16//2 59//2 60//2 19//2
f 19//2 60//2 61//2 22//2
f 22//2 61//2 62//2 25//2
f 25//2 62//2 63//2 28//2
f 28//2 63//2 64//2 31//2
f 31//2 64//2 65//2 34//2
f 34//2 65//2 66//2 37//2
f 37//2 66//2 67//2 40//2
f 40//2 67//2 68//2 43//2
f 43//2 68//2 69//2 46//2
f 46//2 69//2 70//2 49//2
f 49//2 70//2 71//2 52//2
f 52//4 71//4 72//4 53//4
f 54//2 73//2 74//2 55//2
f 54//3 56//3 75//3 73//3
f 55//2 74//2 76//2 57//2
f 57//2 76//2 77//2 58//2
f 58//2 77//2 78//2 59//2
f 59//2 78//2 79//2 60//2
f 60//2 79//2 80//2 61//2
f 61//2 80//2 81//2 62//2
f 62//2 81//2 82//2 63//2
f 63//2 82//2 83//2 64//2
f 64//2 83//2 84//2 65//2
f 65//2 84//2 85//2 66//2
f 66//2 85//2 86//2 67//2
f 67//2 86//2 87//2 68//2
f 68//2 87//2 88//2 69//2
f 69//2 88//2 89//2 70//2
f 70//2 89//2 90//2 71//2
f 71//4 90//4 91//4 72//4
f 73//2 92//2 93//2 74//2
f 73//3 75//3 94//3 92//3
f 74//2 93//2 95//2 76//2
f 76//2 95//2 96//2 77//2
f 77//2 96//2 97//2 78//2
f 78//2 97//2 98//2 79//2
f 79//2 98//2 99//2 80//2
f 80//2 99//2 100//2 81//2
f 81//2 100//2 101//2 82//2
f 82//2 101//2 102//2 83//2
f 83//2 102//2 103//2 84//2
f 84//2 103//2 104//2 85//2
f 85//2 104//2 105//2 86//2
f 86//2 105//2 106//2 87//2
f 87//2 106//2 107//2 88//2
f 88//2 107//2 108//2 89//2
f 89//2 108//2 109//2 90//2
f 90//4 109//4 110//4 91//4
f 92//2 111//2 112//2 93//2
f 92//3 94//3 113//3 111//3
f 93//2 112//2 114//2 95//2
f 95//2 114//2 115//2 96//2
f 96//2 115//2 116//2 97//2
f 97//2 116//2 117//2 98//2
f 98//2 117//2 118//2 99//2
f 99//2 118//2 119//2 100//2
f 100//2 119//2 120//2 101//2
f 101//2 120//2 121//2 102//2
f 102//2 121//2 122//2 103//2
f 103//2 122//2 123//2 104//2
f 104//2 123//2 124//2 105//2
f 105//2 124//2 125//2 106//2
f 106//2 125//2 126//2 107//2
f 107//2 126//2 127//2 108//2
f 108//2 127//2 128//2 109//2
f 109//4 128//4 129//4 110//4
f 111//2 130//2 131//2 112//2
f 111//3 113//3 132//3 130//3
f 112//2 131//2 133//2 114//2
f 114//2 133//2 134//2 115//2
f 115//2 134//2 135//2 116//2
f 116//2 135//2 136//2 117//2
f 117//2 136//2 137//2 118//2
f 118//2 137//2 138//2 119//2
f 119//2 138//2 139//2 120//2
f 120//2 139//2 140//2 121//2
f 121//2 140//2 141//2 122//2
f 122//2 141//2 142//2 123//2
f 123//2 142//2 143//2 124//2
f 124//2 143//2 144//2 125//2
f 125//2 144//2 145//2 126//2
f 126//2 145//2 146//2 127//2
f 127//2 146//2 147//2 128//2
f 128//4 147//4 148//4 129//4
f 130//2 149//2 150//2 131//2
f 130//3 132//3 151//3 149//3
f 131//2 150//2 152//2 133//2
f 133//2 152//2 153//2 134//2
f 134//2 153//2 154//2 135//2
f 135//2 154//2 155//2 136//2
f 136//2 155//2 156//2 137//2
f 137//2 156//2 157//2 138//2
f 138//2 157//2 158//2 139//2
f 139//2 158//2 159//2 140//2
f 140//2 159//2 160//2 141//2
f 141//2 160//2 161//2 142//2
f 142//2 161//2 162//2 143//2
f 143//2 162//2 163//2 144//2
f 144//2 163//2 164//2 145//2
f 145//2 164//2 165//2 146//2
f 146//2 165//2 166//2 147//2
f 147//4 166//4 167//4 148//4
f 149//2 168//2 169//2 150//2
f 149//3 151//3 170//3 168//3
f 150//2 169//2 171//2 152//2
f 152//2 171//2 172//2 153//2
f 153//2 172//2 173//2 154//2
f 154//2 173//2 174//2 155//2
f 155//2 174//2 175//2 156//2
f 156//2 175//2 176//2 157//2
f 157//2 176//2 177//2 158//2
f 158//2 177//2 178//2 159//2
f 159//2 178//2 179//2 160//2
f 160//2 179//2 180//2 161//2
f 161//2 180//2 181//2 162//2
f 162//2 181//2 182//2 163//2
f 163//2 182//2 183//2 164//2
f 164//2 183//2 184//2 165//2
f 165//2 184//2 185//2 166//2
f 166//4 185//4 186//4 167//4
f 168//2 187//2 188//2 169//2
f 168//3 170//3 189//3 187//3
f 169//2 188//2 190//2 171//2
f 171//2 190//2 191//2 172//2
f 172//2 191//2 192//2 173//2
f 173//2 192//2 193//2 174//2
f 174//2 193//2 194//2 175//2
f 175//2 194//2 195//2 176//2
f 176//2 195//2 196//2 177//2
f 177//2 196//2 197//2 178//2
f 178//2 197//2 198//2 179//2
f 179//2 198//2 199//2 180//2
f 180//2 199//2 200//2 181//2
f 181//2 200//2 201//2 182//2
f 182//2 201//2 202//2 183//2
f 183//2 202//2 203//2 184//2
f 184//2 203//2 204//2 185//2
f 185//4 204//4 205//4 186//4
f 187//2 206//2 207//2 188//2
f 187//3 189//3 208//3 206//3
f 188//2 207//2 209//2 190//2
f 190//2 209//2 210//2 191//2
f 191//2 210//2 211//2 192//2
f 192//2 211//2 212//2 193//2
f 193//2 212//2 213//2 194//2
f 194//2 213//2 214//2 195//2
f 195//2 214//2 215//2 196//2
f 196//2 215//2 216//2 197//2
f 197//2 216//2 217//2 198//2
f 198//2 217//2 218//2 199//2
f 199//2 218//2 219//2 200//2
f 200//2 219//2 220//2 201//2
f 201//2 220//2 221//2 202//2
f 202//2 221//2 222//2 203//2
f 203//2 222//2 223//2 204//2
f 204//4 223//4 224//4 205//4
f 206//2 225//2 226//2 207//2
f 206//3 208//3 227//3 225//3
f 207//2 226//2 228//2 209//2
f 209//2 228//2 229//2 210//2
f 210//2 229//2 230//2 211//2
f 211//2 230//2 231//2 212//2
f 212//2 231//2 232//2 213//2
f 213//2 232//2 233//2 214//2
f 214//2 233//2 234//2 215//2
f 215//2 234//2 235//2 216//2
f 216//2 235//2 236//2 217//2
f 217//2 236//2 237//2 218//2
f 218//2 237//2 238//2 219//2
f 219//2 238//2 239//2 220//2
f 220//2 239//2 240//2 221//2
f 221//2 240//2 241//2 222//2
f 222//2 241//2 242//2 223//2
f 223//4 242//4 243//4 224//4
f 225//2 244//2 245//2 226//2
f 225//3 227//3 246//3 244//3
f 226//2 245//2 247//2 228//2
f 228//2 247//2 248//2 229//2
f 229//2 248//2 249//2 230//2
f 230//2 249//2 250//2 231//2
f 231//2 250//2 251//2 232//2
f 232//2 251//2 252//2 233//2
f 233//2 252//2 253//2 234//2
f 234//2 253//2 254//2 235//2
f 235//2 254//2 255//2 236//2
f 236//2 255//2 256//2 237//2
f 237//2 256//2 257//2 238//2
f 238//2 257//2 258//2 239//2
f 239//2 258//2 259//2 240//2
f 240//2 259//2 260//2 241//2
f 241//2 260//2 261//2 242//2
f 242//4 261//4 262//4 243//4
f 244//2 263//2 264//2 245//2
f 244//3 246//3 265//3 263//3
f 245//2 264//2 266//2 247//2
f 247//2 266//2 267//2 248//2
f 248//2 267//2 268//2 249//2
f 249//2 268//2 269//2 250//2
f 250//2 269//2 270//2 251//2
f 251//2 270//2 271//2 252//2
f 252//2 271//2 272//2 253//2
f 253//2 272//2 273//2 254//2
f 254//2 273//2 274//2 255//2
f 255//2 274//2 275//2 256//2
f 256//2 275//2 276//2 257//2
f 257//2 276//2 277//2 258//2
f 258//2 277//2 278//2 259//2
f 259//2 278//2 279//2 260//2
f 260//2 279//2 280//2 261//2
f 261//4 280//4 281//4 262//4
f 263//2 282//2 283//2 264//2
f 263//3 265//3 284//3 282//3
f 264//2 283//2 285//2 266//2
f 266//2 285//2 286//2 267//2
f 267//2 286//2 287//2 268//2
f 268//2 287//2 288//2 269//2
f 269//2 288//2 289//2 270//2
f 270//2 289//2 290//2 271//2
f 271//2 290//2 291//2 272//2
f 272//2 291//2 292//2 273//2
f 273//2 292//2 293//2 274//2
f 274//2 293//2 294//2 275//2
f 275//2 294//2 295//2 276//2
f 276//2 295//2 296//2 277//2
f 277//2 296//2 297//2 278//2
f 278//2 297//2 298//2 279//2
f 279//2 298//2 299//2 280//2
f 280//4 299//4 300//4 281//4
f 282//2 301//2 302//2 283//2
f 282//3 284//3 303//3 301//3
f 283//2 302//2 304//2 285//2
f 285//2 304//2 305//2 286//2
f 286//2 305//2 306//2 287//2
f 287//2 306//2 307//2 288//2
f 288//2 307//2 308//2 289//2
f 289//2 308//2 309//2 290//2
f 290//2 309//2 310//2 291//2
f 291//2 310//2 311//2 292//2
f 292//2 311//2 312//2 293//2
f 293//2 312//2 313//2 294//2
f 294//2 313//2 314//2 295//2
f 295//2 314//2 315//2 296//2
f 296//2 315//2 316//2 297//2
f 297//2 316//2 317//2 298//2
f 298//2 317//2 318//2 299//2
f 299//4 318//4 319//4 300//4
f 320//5 321//5 322//5 323//5
f 301//2 321//2 320//2 302//2
f 301//3 303//3 322//3 321//3
f 324//5 320//5 323//5 325//5
f 302//2 320//2 324//2 304//2
f 326//5 324//5 325//5 327//5
f 304//2 324//2 326//2 305//2
f 328//5 326//5 327//5 329//5
f 305//2 326//2 328//2 306//2
f 330//5 328//5 329//5 331//5
f 306//2 328//2 330//2 307//2
f 332//5 330//5 331//5 333//5
f 307//2 330//2 332//2 308//2
f 334//5 332//5 333//5 335//5
f 308//2 332//2 334//2 309//2
f 336//5 334//5 335//5 337//5
f 309//2 334//2 336//2 310//2
f 338//5 336//5 337//5 339//5
f 310//2 336//2 338//2 311//2
f 340//5 338//5 339//5 341//5
f 311//2 338//2 340//2 312//2
f 342//5 340//5 341//5 343//5
f 312//2 340//2 342//2 313//2
f 344//5 342//5 343//5 345//5
f 313//2 342//2 344//2 314//2
f 346//5 344//5 345//5 347//5
f 314//2 344//2 346//2 315//2
f 348//5 346//5 347//5 349//5
f 315//2 346//2 348//2 316//2
f 350//5 348//5 349//5 351//5
f 316//2 348//2 350//2 317//2
f 352//5 350//5 351//5 353//5
f 317//2 350//2 352//2 318//2
f 318//4 352//4 353//4 319//4
f 4//1 3//1 354//1 355//1
f 354//6 356//6 357//6 355//6
f 4//3 355//3 357//3 7//3
f 3//1 9//1 358//1 354//1
f 358//6 359//6 356//6 354//6
f 9//1 12//1 360//1 358//1
f 360//6 361//6 359//6 358//6
f 12//1 15//1 362//1 360//1
f 362//6 363//6 361//6 360//6
f 15//1 18//1 364//1 362//1
f 364//6 365//6 363//6 362//6
f 18//1 21//1 366//1 364//1
f 366//6 367//6 365//6 364//6
f 21//1 24//1 368//1 366//1
f 368//6 369//6 367//6 366//6
f 370//1 371//1 372//1 373//1
f 372//6 374//6 375//6 373//6
f 27//1 30//1 376//1 377//1
f 376//6 378//6 379//6 377//6
f 30//1 33//1 380//1 376//1
f 380//6 381//6 378//6 376//6
f 33//1 36//1 382//1 380//1
f 382//6 383//6 381//6 380//6
f 36//1 39//1 384//1 382//1
f 384//6 385//6 383//6 382//6
f 39//1 42//1 386//1 384//1
f 386//6 387//6 385//6 384//6
f 42//1 45//1 388//1 386//1
f 388//6 389//6 387//6 386//6
f 45//1 48//1 390//1 388//1
f 390//6 391//6 389//6 388//6
f 392//1 393//1 394//1 395//1
f 394//6 396//6 397//6 395//6
f 393//4 398//4 396//4 394//4
f 399//3 400//3 401//3 402//3
f 379//6 403//6 404//6 369//6
f 405//6 406//6 407//6 391//6
f 53//4 72//4 406//4 405//4
f 408//3 409//3 410//3 411//3
f 403//6 412//6 413//6 404//6
f 406//6 414//6 415//6 407//6
f 72//4 91//4 414//4 406//4
f 411//3 410//3 416//3 417//3
f 412//6 418//6 419//6 413//6
f 414//6 420//6 421//6 415//6
f 91//4 110//4 420//4 414//4
f 422//6 423//6 424//6 425//6
f 94//3 425//3 424//3 113//3
f 426//6 427//6 423//6 422//6
f 428//6 429//6 430//6 431//6
f 432//6 433//6 434//6 435//6
f 436//6 437//6 433//6 432//6
f 438//6 439//6 437//6 436//6
f 419//6 440//6 439//6 438//6
f 418//6 441//6 440//6 419//6
f 442//6 443//6 441//6 418//6
f 444//6 445//6 443//6 442//6
f 446//6 447//6 448//6 449//6
f 450//6 451//6 452//6 453//6
f 454//6 455//6 451//6 450//6
f 456//6 457//6 455//6 454//6
f 421//6 458//6 457//6 456//6
f 420//6 459//6 458//6 421//6
f 110//4 129//4 459//4 420//4
f 460//3 461//3 462//3 463//3
f 434//6 464//6 465//6 427//6
f 452//6 466//6 467//6 445//6
f 468//4 469//4 470//4 471//4
f 472//3 473//3 474//3 475//3
f 464//6 476//6 477//6 465//6
f 466//6 478//6 479//6 467//6
f 469//4 480//4 481//4 470//4
f 475//3 474//3 482//3 483//3
f 476//6 484//6 485//6 477//6
f 478//6 486//6 487//6 479//6
f 488//4 489//4 490//4 491//4
f 492//6 493//6 494//6 495//6
f 170//3 495//3 494//3 189//3
f 485//6 496//6 493//6 492//6
f 484//6 497//6 496//6 485//6
f 498//6 499//6 497//6 484//6
f 500//6 501//6 499//6 498//6
f 502//6 503//6 501//6 500//6
f 504//6 505//6 503//6 502//6
f 506//6 507//6 508//6 509//6
f 510//6 511//6 512//6 513//6
f 487//6 514//6 511//6 510//6
f 486//6 515//6 514//6 487//6
f 516//6 517//6 515//6 486//6
f 518//6 519//6 517//6 516//6
f 520//6 521//6 519//6 518//6
f 522//6 523//6 521//6 520//6
f 524//6 525//6 526//6 527//6
f 528//4 529//4 525//4 524//4
f 530//3 531//3 532//3 533//3
f 512//6 534//6 535//6 505//6
f 536//6 537//6 538//6 523//6
f 205//4 224//4 537//4 536//4
f 539//3 540//3 541//3 542//3
f 534//6 543//6 544//6 535//6
f 537//6 545//6 546//6 538//6
f 224//4 243//4 545//4 537//4
f 542//3 541//3 547//3 548//3
f 543//6 549//6 550//6 544//6
f 545//6 551//6 552//6 546//6
f 243//4 262//4 551//4 545//4
f 553//6 554//6 555//6 556//6
f 246//3 556//3 555//3 265//3
f 557//6 558//6 554//6 553//6
f 559//6 560//6 558//6 557//6
f 561//6 562//6 560//6 559//6
f 563//6 564//6 565//6 566//6
f 567//6 568//6 569//6 570//6
f 550//6 571//6 568//6 567//6
f 549//6 572//6 571//6 550//6
f 573//6 574//6 572//6 549//6
f 575//6 576//6 574//6 573//6
f 577//6 578//6 576//6 575//6
f 579//6 580//6 578//6 577//6
f 581//6 582//6 583//6 584//6
f 585//6 586//6 587//6 588//6
f 552//6 589//6 586//6 585//6
f 551//6 590//6 589//6 552//6
f 262//4 281//4 590//4 551//4
f 591//3 592//3 593//3 594//3
f 569//6 595//6 596//6 562//6
f 587//6 597//6 598//6 580//6
f 599//4 600//4 601//4 602//4
f 594//3 593//3 603//3 604//3
f 595//6 605//6 606//6 596//6
f 597//6 607//6 608//6 598//6
f 600//4 609//4 610//4 601//4
f 611//5 612//5 613//5 614//5
f 615//3 616//3 613//3 612//3
f 617//5 611//5 614//5 618//5
f 619//5 617//5 618//5 620//5
f 621//5 619//5 620//5 622//5
f 331//5 329//5 623//5 624//5
f 605//6 624//6 623//6 606//6
f 625//5 626//5 627//5 628//5
f 629//5 625//5 628//5 630//5
f 631//5 629//5 630//5 632//5
f 633//5 631//5 632//5 634//5
f 635//5 633//5 634//5 636//5
f 637//5 635//5 636//5 638//5
f 639//5 637//5 638//5 640//5
f 347//5 345//5 641//5 642//5
f 607//6 642//6 641//6 608//6
f 643//5 644//5 645//5 646//5
f 647//5 643//5 646//5 648//5
f 649//5 647//5 648//5 650//5
f 651//4 649//4 650//4 652//4
f 400//1 653//1 654//1 655//1
f 654//6 656//6 657//6 655//6
f 400//3 655//3 657//3 401//3
f 653//1 658//1 659//1 654//1
f 659//6 660//6 656//6 654//6
f 658//1 661//1 662//1 659//1
f 662//6 663//6 660//6 659//6
f 661//1 664//1 665//1 662//1
f 665//6 666//6 663//6 662//6
f 664//1 667//1 668//1 665//1
f 668//6 669//6 666//6 665//6
f 667//1 670//1 671//1 668//1
f 671//6 672//6 669//6 668//6
f 670//1 673//1 674//1 671//1
f 674//6 675//6 672//6 671//6
f 673//4 676//4 675//4 674//4
f 677//1 678//1 679//1 680//1
f 679//6 681//6 682//6 680//6
f 677//3 680//3 682//3 683//3
f 678//1 684//1 685//1 679//1
f 685//6 686//6 681//6 679//6
f 684//1 687//1 688//1 685//1
f 688//6 689//6 686//6 685//6
f 687//1 690//1 691//1 688//1
f 691//6 692//6 689//6 688//6
f 690//1 693//1 694//1 691//1
f 694//6 695//6 692//6 691//6
f 693//1 696//1 697//1 694//1
f 697//6 698//6 695//6 694//6
f 696//1 699//1 700//1 697//1
f 700//6 701//6 698//6 697//6
f 699//4 702//4 701//4 700//4
f 703//6 704//6 705//6 706//6
f 409//3 706//3 705//3 410//3
f 660//6 707//6 708//6 656//6
f 663//6 709//6 707//6 660//6
f 666//6 710//6 709//6 663//6
f 669//6 711//6 710//6 666//6
f 672//6 712//6 711//6 669//6
f 675//6 713//6 712//6 672//6
f 676//4 714//4 713//4 675//4
f 715//6 716//6 717//6 718//6
f 719//3 718//3 717//3 720//3
f 686//6 721//6 722//6 681//6
f 689//6 723//6 721//6 686//6
f 692//6 724//6 723//6 689//6
f 695//6 725//6 724//6 692//6
f 698//6 726//6 725//6 695//6
f 701//6 727//6 726//6 698//6
f 702//4 728//4 727//4 701//4
f 729//5 416//5 730//5 731//5
f 704//6 731//6 730//6 705//6
f 410//3 705//3 730//3 416//3
f 732//5 729//5 731//5 733//5
f 734//6 733//6 731//6 704//6
f 735//5 732//5 733//5 736//5
f 737//6 736//6 733//6 734//6
f 738//5 735//5 736//5 739//5
f 740//6 739//6 736//6 737//6
f 741//5 738//5 739//5 742//5
f 743//6 742//6 739//6 740//6
f 744//5 741//5 742//5 745//5
f 746//6 745//6 742//6 743//6
f 747//5 744//5 745//5 748//5
f 749//6 748//6 745//6 746//6
f 750//4 747//4 748//4 749//4
f 751//5 752//5 753//5 754//5
f 716//6 754//6 753//6 717//6
f 720//3 717//3 753//3 752//3
f 755//5 751//5 754//5 756//5
f 757//6 756//6 754//6 716//6
f 758//5 755//5 756//5 759//5
f 760//6 759//6 756//6 757//6
f 761//5 758//5 759//5 762//5
f 763//6 762//6 759//6 760//6
f 764//5 761//5 762//5 765//5
f 766//6 765//6 762//6 763//6
f 767//5 764//5 765//5 768//5
f 769//6 768//6 765//6 766//6
f 770//5 767//5 768//5 771//5
f 772//6 771//6 768//6 769//6
f 773//4 770//4 771//4 772//4
f 461//1 774//1 775//1 776//1
f 775//6 777//6 778//6 776//6
f 461//3 776//3 778//3 462//3
f 774//1 779//1 780//1 775//1
f 780//6 781//6 777//6 775//6
f 779//4 782//4 781//4 780//4
f 783//1 784//1 785//1 786//1
f 785//6 787//6 788//6 786//6
f 783//3 786//3 788//3 789//3
f 784//1 790//1 791//1 785//1
f 791//6 792//6 787//6 785//6
f 790//1 793//1 794//1 791//1
f 794//6 795//6 792//6 791//6
f 793//1 796//1 797//1 794//1
f 797//6 798//6 795//6 794//6
f 796//1 799//1 800//1 797//1
f 800//6 801//6 798//6 797//6
f 799//1 802//1 803//1 800//1
f 803//6 804//6 801//6 800//6
f 802//1 805//1 806//1 803//1
f 806//6 807//6 804//6 803//6
f 805//4 808//4 807//4 806//4
f 809//1 810//1 811//1 812//1
f 811//6 813//6 814//6 812//6
f 809//3 812//3 814//3 815//3
f 810//1 816//1 817//1 811//1
f 817//6 818//6 813//6 811//6
f 816//1 819//1 820//1 817//1
f 820//6 821//6 818//6 817//6
f 819//1 822//1 823//1 820//1
f 823//6 824//6 821//6 820//6
f 822//1 471//1 825//1 823//1
f 825//6 826//6 824//6 823//6
f 471//4 470//4 826//4 825//4
f 827//6 828//6 829//6 830//6
f 473//3 830//3 829//3 474//3
f 781//6 831//6 832//6 777//6
f 782//4 833//4 831//4 781//4
f 834//6 835//6 836//6 837//6
f 838//3 837//3 836//3 839//3
f 792//6 840//6 841//6 787//6
f 795//6 842//6 840//6 792//6
f 798//6 843//6 842//6 795//6
f 801//6 844//6 843//6 798//6
f 804//6 845//6 844//6 801//6
f 807//6 846//6 845//6 804//6
f 808//4 847//4 846//4 807//4
f 848//6 849//6 850//6 851//6
f 852//3 851//3 850//3 853//3
f 818//6 854//6 855//6 813//6
f 821//6 856//6 854//6 818//6
f 824//6 857//6 856//6 821//6
f 826//6 858//6 857//6 824//6
f 470//4 481//4 858//4 826//4
f 859//5 482//5 860//5 861//5
f 828//6 861//6 860//6 829//6
f 474//3 829//3 860//3 482//3
f 862//5 859//5 861//5 863//5
f 864//6 863//6 861//6 828//6
f 865//4 862//4 863//4 864//4
f 866//5 867//5 868//5 869//5
f 835//6 869//6 868//6 836//6
f 839//3 836//3 868//3 867//3
f 870//5 866//5 869//5 871//5
f 872//6 871//6 869//6 835//6
f 873//5 870//5 871//5 874//5
f 875//6 874//6 871//6 872//6
f 876//5 873//5 874//5 877//5
f 878//6 877//6 874//6 875//6
f 879//5 876//5 877//5 880//5
f 881//6 880//6 877//6 878//6
f 882//5 879//5 880//5 883//5
f 884//6 883//6 880//6 881//6
f 885//5 882//5 883//5 886//5
f 887//6 886//6 883//6 884//6
f 888//4 885//4 886//4 887//4
f 889//5 890//5 891//5 892//5
f 849//6 892//6 891//6 850//6
f 853//3 850//3 891//3 890//3
f 893//5 889//5 892//5 894//5
f 895//6 894//6 892//6 849//6
f 896//5 893//5 894//5 897//5
f 898//6 897//6 894//6 895//6
f 899//5 896//5 897//5 900//5
f 901//6 900//6 897//6 898//6
f 490//5 899//5 900//5 902//5
f 903//6 902//6 900//6 901//6
f 491//4 490//4 902//4 903//4
f 531//1 904//1 905//1 906//1
f 905//6 907//6 908//6 906//6
f 531//3 906//3 908//3 532//3
f 904//1 909//1 910//1 905//1
f 910//6 911//6 907//6 905//6
f 909//1 912//1 913//1 910//1
f 913//6 914//6 911//6 910//6
f 912//1 915//1 916//1 913//1
f 916//6 917//6 914//6 913//6
f 915//1 918//1 919//1 916//1
f 919//6 920//6 917//6 916//6
f 918//1 921//1 922//1 919//1
f 922//6 923//6 920//6 919//6
f 921//1 924//1 925//1 922//1
f 925//6 926//6 923//6 922//6
f 924//4 927//4 926//4 925//4
f 928//1 929//1 930//1 931//1
f 930//6 932//6 933//6 931//6
f 928//3 931//3 933//3 934//3
f 929//1 935//1 936//1 930//1
f 936//6 937//6 932//6 930//6
f 935//1 938//1 939//1 936//1
f 939//6 940//6 937//6 936//6
f 938//1 941//1 942//1 939//1
f 942//6 943//6 940//6 939//6
f 941//1 944//1 945//1 942//1
f 945//6 946//6 943//6 942//6
f 944//1 947//1 948//1 945//1
f 948//6 949//6 946//6 945//6
f 947//1 950//1 951//1 948//1
f 951//6 952//6 949//6 948//6
f 950//4 953//4 952//4 951//4
f 954//6 955//6 956//6 957//6
f 540//3 957//3 956//3 541//3
f 911//6 958//6 959//6 907//6
f 914//6 960//6 958//6 911//6
f 917//6 961//6 960//6 914//6
f 920//6 962//6 961//6 917//6
f 923//6 963//6 962//6 920//6
f 926//6 964//6 963//6 923//6
f 927//4 965//4 964//4 926//4
f 966//6 967//6 968//6 969//6
f 970//3 969//3 968//3 971//3
f 937//6 972//6 973//6 932//6
f 940//6 974//6 972//6 937//6
f 943//6 975//6 974//6 940//6
f 946//6 976//6 975//6 943//6
f 949//6 977//6 976//6 946//6
f 952//6 978//6 977//6 949//6
f 953//4 979//4 978//4 952//4
f 980//5 547//5 981//5 982//5
f 955//6 982//6 981//6 956//6
f 541//3 956//3 981//3 547//3
f 983//5 980//5 982//5 984//5
f 985//6 984//6 982//6 955//6
f 986//5 983//5 984//5 987//5
f 988//6 987//6 984//6 985//6
f 989//5 986//5 987//5 990//5
f 991//6 990//6 987//6 988//6
f 992//5 989//5 990//5 993//5
f 994//6 993//6 990//6 991//6
f 995//5 992//5 993//5 996//5
f 997//6 996//6 993//6 994//6
f 998//5 995//5 996//5 999//5
f 1000//6 999//6 996//6 997//6
f 1001//4 998//4 999//4 1000//4
f 1002//5 1003//5 1004//5 1005//5
f 967//6 1005//6 1004//6 968//6
f 971//3 968//3 1004//3 1003//3
f 1006//5 1002//5 1005//5 1007//5
f 1008//6 1007//6 1005//6 967//6
f 1009//5 1006//5 1007//5 1010//5
f 1011//6 1010//6 1007//6 1008//6
f 1012//5 1009//5 1010//5 1013//5
f 1014//6 1013//6 1010//6 1011//6
f 1015//5 1012//5 1013//5 1016//5
f 1017//6 1016//6 1013//6 1014//6
f 1018//5 1015//5 1016//5 1019//5
f 1020//6 1019//6 1016//6 1017//6
f 1021//5 1018//5 1019//5 1022//5
f 1023//6 1022//6 1019//6 1020//6
f 1024//4 1021//4 1022//4 1023//4
f 592//1 1025//1 1026//1 1027//1
f 1026//6 1028//6 1029//6 1027//6
f 592//3 1027//3 1029//3 593//3
f 1025//1 1030//1 1031//1 1026//1
f 1031//6 1032//6 1028//6 1026//6
f 1030//1 1033//1 1034//1 1031//1
f 1034//6 1035//6 1032//6 1031//6
f 1033//1 1036//1 1037//1 1034//1
f 1037//6 1038//6 1035//6 1034//6
f 1036//4 1039//4 1038//4 1037//4
f 1040//1 1041//1 1042//1 1043//1
f 1042//6 1044//6 1045//6 1043//6
f 1040//3 1043//3 1045//3 1046//3
f 1041//1 1047//1 1048//1 1042//1
f 1048//6 1049//6 1044//6 1042//6
f 1047//1 1050//1 1051//1 1048//1
f 1051//6 1052//6 1049//6 1048//6
f 1050//1 1053//1 1054//1 1051//1
f 1054//6 1055//6 1052//6 1051//6
f 1053//1 1056//1 1057//1 1054//1
f 1057//6 1058//6 1055//6 1054//6
f 1056//1 1059//1 1060//1 1057//1
f 1060//6 1061//6 1058//6 1057//6
f 1059//1 1062//1 1063//1 1060//1
f 1063//6 1064//6 1061//6 1060//6
f 1062//4 1065//4 1064//4 1063//4
f 1066//1 1067//1 1068//1 1069//1
f 1068//6 1070//6 1071//6 1069//6
f 1066//3 1069//3 1071//3 1072//3
f 1067//1 1073//1 1074//1 1068//1
f 1074//6 1075//6 1070//6 1068//6
f 1073//1 602//1 1076//1 1074//1
f 1076//6 1077//6 1075//6 1074//6
f 602//4 601//4 1077//4 1076//4
f 1028//6 1078//6 1079//6 1029//6
f 593//3 1029//3 1079//3 603//3
f 1032//6 1080//6 1078//6 1028//6
f 1035//6 1081//6 1080//6 1032//6
f 1038//6 1082//6 1081//6 1035//6
f 1039//4 1083//4 1082//4 1038//4
f 1084//6 1085//6 1086//6 1087//6
f 1088//3 1087//3 1086//3 1089//3
f 1049//6 1090//6 1091//6 1044//6
f 1052//6 1092//6 1090//6 1049//6
f 1055//6 1093//6 1092//6 1052//6
f 1058//6 1094//6 1093//6 1055//6
f 1061//6 1095//6 1094//6 1058//6
f 1064//6 1096//6 1095//6 1061//6
f 1065//4 1097//4 1096//4 1064//4
f 1098//6 1099//6 1100//6 1101//6
f 1102//3 1101//3 1100//3 1103//3
f 1075//6 1104//6 1105//6 1070//6
f 1077//6 1106//6 1104//6 1075//6
f 601//4 610//4 1106//4 1077//4
f 614//5 613//5 1107//5 1108//5
f 1109//6 1108//6 1107//6 1110//6
f 616//3 1110//3 1107//3 613//3
f 618//5 614//5 1108//5 1111//5
f 1112//6 1111//6 1108//6 1109//6
f 620//5 618//5 1111//5 1113//5
f 1114//6 1113//6 1111//6 1112//6
f 622//5 620//5 1113//5 1115//5
f 1116//6 1115//6 1113//6 1114//6
f 1117//4 622//4 1115//4 1116//4
f 628//5 627//5 1118//5 1119//5
f 1085//6 1119//6 1118//6 1086//6
f 1089//3 1086//3 1118//3 627//3
f 630//5 628//5 1119//5 1120//5
f 1121//6 1120//6 1119//6 1085//6
f 632//5 630//5 1120//5 1122//5
f 1123//6 1122//6 1120//6 1121//6
f 634//5 632//5 1122//5 1124//5
f 1125//6 1124//6 1122//6 1123//6
f 636//5 634//5 1124//5 1126//5
f 1127//6 1126//6 1124//6 1125//6
f 638//5 636//5 1126//5 1128//5
f 1129//6 1128//6 1126//6 1127//6
f 640//5 638//5 1128//5 1130//5
f 1131//6 1130//6 1128//6 1129//6
f 1132//4 640//4 1130//4 1131//4
f 646//5 645//5 1133//5 1134//5
f 1099//6 1134//6 1133//6 1100//6
f 1103//3 1100//3 1133//3 645//3
f 648//5 646//5 1134//5 1135//5
f 1136//6 1135//6 1134//6 1099//6
f 650//5 648//5 1135//5 1137//5
f 1138//6 1137//6 1135//6 1136//6
f 652//4 650//4 1137//4 1138//4
